312
3081
7419
6726
3079
182
903
412
961
81
279
3867
65
98
3777
1977
1244
3413
12362
238
3156
6623
3110
3458
7634
10633
4251
9253
874
1452
1447
13646
16860
7927
17712
790
1895
910
378
1375
67
6249
4180
230
1110
724
227
72
99
5452
64
468
14646
1106
8912
1026
900
3119
272
453
1081
2439
2183
190
11768
4915
3948
1066
12623
14285
291
434
13276
3070
157
686
15547
490
265
6374
3313
389
786
8350
5123
77
857
5416
2783
333
1415
789
10370
1155
340
300
704
3448
2469
546
1079
1902
180
2558
2567
2797
7800
311
3556
332
734
12994
1232
1006
3875
877
486
605
1118
4727
16017
1122
9699
920
3411
1812
3299
868
3863
1470
1502
489
3470
2375
3097
1189
2905
6385
10616
3768
2742
1372
1820
1003
683
3201
9324
5153
996
6376
1660
429
4118
12470
2523
1335
3129
288
3481
172
512
6735
717
1781
5217
1444
715
7343
550
17437
9242
562
1048
2569
3977
3558
15544
1891
53
496
707
1898
5929
1358
1460
2544
8823
985
1089
7098
1463
3373
14942
2788
1002
463
484
863
9528
1019
481
11345
226
1534
1090
1073
4432
10728
1012
612
1889
2801
458
3993
2795
3960
10174
497
939
523
4058
6554
16503
701
293
1883
5260
13742
1899
13123
196
6254
2480
532
9869
4130
859
237
17332
441
10433
4444
2343
15737
251
292
2220
2467
3264
972
511
15564
100
204
3978
1846
867
2956
1700
14052
1084
13754
2137
3230
466
12318
1406
450
371
17471
726
2554
3739
13159
1343
15325
7112
9980
906
1132
2463
241
999
298
2787
1414
355
266
4177
17084
13291
5440
735
1378
8834
203
991
4317
10133
5550
1885
3084
1795
6693
9510
1062
11916
287
1411
709
531
1679
5360
951
12314
18515
1369
7929
290
1905
7248
1015
9658
1001
810
3075
12893
851
4705
18529
183
4179
1270
11146
6724
986
7177
956
1813
2081
6070
418
253
3719
403
1834
7076
7775
5429
7644
3748
7947
1985
14241
599
2977
1988
592
8479
2247
982
9338
1130
856
2571
1464
498
173
202
161
1814
3109
1974
1958
32
1296
13158
1882
1241
18737
7347
2454
517
328
728
349
2346
344
4351
1034
159
485
7058
310
294
88
529
154
818
15643
2347
3436
5257
2068
1886
192
301
1098
11117
229
4784
9416
533
8115
2121
13268
10626
966
9387
3749
225
6585
1879
75
191
585
85
2597
2572
1249
6150
375
6722
96
70
1013
2130
1017
386
14300
1425
17901
1884
913
537
2361
11042
7290
257
722
6777
59
1426
5780
6064
377
1154
1892
62
285
318
12599
1261
3441
4686
1332
1941
5767
712
3074
289
9543
186
155
852
627
2493
12352
6698
51
1857
2796
9423
9170
187
4566
3921
1399
295
3426
855
17008
316
5010
16859
195
2937
4348
889
607
2031
3427
366
993
17702
1843
13434
167
207
13452
1116
2027
7344
15532
7047
2102
17286
9288
979
6570
2648
997
1520
1246
472
2855
71
10526
3275
455
601
978
18082
320
5920
221
9751
166
3067
4124
3303
1000
4609
1072
3502
2179
2857
10196
1014
2531
1243
3791
6714
7943
475
11720
18503
7640
5216
14363
7880
10766
11222
8649
16586
396
998
1580
4649
1151
305
89
994
317
7138
4998
3889
5254
959
2662
8023
9987
55
9969
708
6959
407
3171
1067
